Frequency (Hz)	Level (dB)
43.066406	-62.410374
86.132812	-67.180344
129.199219	-61.024620
172.265625	-59.408691
215.332031	-56.580238
258.398438	-55.631634
301.464844	-59.506973
344.531250	-60.053192
387.597656	-57.665730
430.664062	-52.984287
473.730469	-49.517521
516.796875	-50.116798
559.863281	-54.506023
602.929688	-57.216377
645.996094	-52.543240
689.062500	-50.115753
732.128906	-52.083946
775.195312	-52.795483
818.261719	-46.937454
861.328125	-44.341396
904.394531	-47.463768
947.460938	-46.308067
990.527344	-44.956474
1033.593750	-46.584850
1076.660156	-47.937347
1119.726562	-45.220985
1162.792969	-44.363930
1205.859375	-44.874409
1248.925781	-43.081261
1291.992188	-46.294155
1335.058594	-51.139454
1378.125000	-54.858952
1421.191406	-53.186058
1464.257812	-51.734127
1507.324219	-55.508053
1550.390625	-58.183086
1593.457031	-53.847191
1636.523438	-53.621792
1679.589844	-56.596378
1722.656250	-57.803967
1765.722656	-58.993065
1808.789062	-57.397419
1851.855469	-57.999962
1894.921875	-57.815182
1937.988281	-58.309284
1981.054688	-58.367340
2024.121094	-58.322819
2067.187500	-59.158749
2110.253906	-60.336338
2153.320312	-64.931320
2196.386719	-65.224571
2239.453125	-63.843018
2282.519531	-60.788147
2325.585938	-61.556286
2368.652344	-63.654064
2411.718750	-66.034828
2454.785156	-63.779633
2497.851562	-64.434120
2540.917969	-65.079308
2583.984375	-67.901100
2627.050781	-71.818184
2670.117188	-73.188240
2713.183594	-70.286293
2756.250000	-70.596260
2799.316406	-69.490936
2842.382812	-67.842567
2885.449219	-68.060539
2928.515625	-70.090508
2971.582031	-69.100815
3014.648438	-67.866364
3057.714844	-65.029343
3100.781250	-62.787781
3143.847656	-66.512161
3186.914062	-64.864983
3229.980469	-61.573925
3273.046875	-61.664032
3316.113281	-63.033039
3359.179688	-59.922665
3402.246094	-61.067436
3445.312500	-60.542114
3488.378906	-60.978405
3531.445312	-64.250671
3574.511719	-65.298645
3617.578125	-68.860466
3660.644531	-68.983917
3703.710938	-68.395317
3746.777344	-68.240448
3789.843750	-67.859566
3832.910156	-70.569756
3875.976562	-69.841812
3919.042969	-69.492096
3962.109375	-68.407394
4005.175781	-69.991295
4048.242188	-73.285416
4091.308594	-72.209068
4134.375000	-67.847740
4177.441406	-69.267967
4220.507812	-73.374451
4263.574219	-72.608368
4306.640625	-72.245453
4349.707031	-72.031151
4392.773438	-70.725327
4435.839844	-67.153465
4478.906250	-65.414825
4521.972656	-68.752083
4565.039062	-68.287048
4608.105469	-67.819496
4651.171875	-66.231255
4694.238281	-65.289787
4737.304688	-67.163521
4780.371094	-68.896736
4823.437500	-66.955734
4866.503906	-65.617233
4909.570312	-65.125488
4952.636719	-64.270844
4995.703125	-64.439903
5038.769531	-64.486351
5081.835938	-64.351822
5124.902344	-63.930229
5167.968750	-63.114998
5211.035156	-65.280296
5254.101562	-65.345818
5297.167969	-64.754456
5340.234375	-66.063751
5383.300781	-65.405418
5426.367188	-68.449043
5469.433594	-72.623619
5512.500000	-71.505119
5555.566406	-67.199745
5598.632812	-67.905212
5641.699219	-69.904625
5684.765625	-72.565582
5727.832031	-72.629822
5770.898438	-71.643921
5813.964844	-71.787178
5857.031250	-73.043472
5900.097656	-76.072868
5943.164062	-76.806755
5986.230469	-75.224564
6029.296875	-73.158638
6072.363281	-73.199860
6115.429688	-71.049606
6158.496094	-70.125992
6201.562500	-72.411499
6244.628906	-73.506882
6287.695312	-75.422348
6330.761719	-75.717125
6373.828125	-74.722244
6416.894531	-73.352119
6459.960938	-73.716103
6503.027344	-76.116577
6546.093750	-79.555260
6589.160156	-76.518044
6632.226562	-73.775314
6675.292969	-73.405937
6718.359375	-74.829483
6761.425781	-74.884903
6804.492188	-72.625473
6847.558594	-71.052902
6890.625000	-70.696518
6933.691406	-70.707031
6976.757812	-72.102249
7019.824219	-71.223106
7062.890625	-70.627281
7105.957031	-69.442520
7149.023438	-69.907234
7192.089844	-72.966904
7235.156250	-73.182663
7278.222656	-70.635323
7321.289062	-70.285393
7364.355469	-72.520683
7407.421875	-73.287880
7450.488281	-73.483490
7493.554688	-73.175781
7536.621094	-72.952492
7579.687500	-73.025093
7622.753906	-75.208694
7665.820312	-75.183510
7708.886719	-75.022659
7751.953125	-76.267136
7795.019531	-76.701073
7838.085938	-75.887871
7881.152344	-76.920914
7924.218750	-75.690964
7967.285156	-74.630997
8010.351562	-76.846779
8053.417969	-78.827347
8096.484375	-75.960617
8139.550781	-75.405479
8182.617188	-77.020500
8225.683594	-79.109779
8268.750000	-78.538979
8311.816406	-78.171143
8354.882812	-78.427475
8397.949219	-77.725830
8441.015625	-79.143074
8484.082031	-80.277908
8527.148438	-82.114326
8570.214844	-79.869232
8613.281250	-76.552330
8656.347656	-75.667053
8699.414062	-79.290138
8742.480469	-81.561729
8785.546875	-80.644211
8828.613281	-80.671234
8871.679688	-80.398293
8914.746094	-84.357063
8957.812500	-82.549797
9000.878906	-81.243042
9043.945312	-80.756409
9087.011719	-79.158127
9130.078125	-80.768570
9173.144531	-81.814583
9216.210938	-79.003120
9259.277344	-78.156525
9302.343750	-77.936455
9345.410156	-81.946045
9388.476562	-81.781197
9431.542969	-78.313087
9474.609375	-79.759903
9517.675781	-81.834267
9560.742188	-83.242050
9603.808594	-82.924431
9646.875000	-81.729446
9689.941406	-80.971687
9733.007812	-83.008247
9776.074219	-85.928291
9819.140625	-86.140907
9862.207031	-84.243423
9905.273438	-83.315880
9948.339844	-87.462242
9991.406250	-90.390289
10034.472656	-88.236153
10077.539062	-85.788368
10120.605469	-85.404236
10163.671875	-86.886551
10206.738281	-87.257446
10249.804688	-86.178528
10292.871094	-85.763100
10335.937500	-84.691582
10379.003906	-84.084099
10422.070312	-86.234428
10465.136719	-87.588402
10508.203125	-83.133667
10551.269531	-82.540512
10594.335938	-85.421814
10637.402344	-84.803284
10680.468750	-84.331505
10723.535156	-83.922752
10766.601562	-83.162292
10809.667969	-83.356163
10852.734375	-85.052818
10895.800781	-85.886810
10938.867188	-83.780830
10981.933594	-83.766258
11025.000000	-85.391930
11068.066406	-86.885666
11111.132812	-88.425186
11154.199219	-86.551430
11197.265625	-83.419411
11240.332031	-84.171013
11283.398438	-87.095711
11326.464844	-89.431602
11369.531250	-87.392426
11412.597656	-86.464073
11455.664062	-87.330437
11498.730469	-89.708931
11541.796875	-91.063637
11584.863281	-89.595421
11627.929688	-88.318527
11670.996094	-90.205353
11714.062500	-94.189590
11757.128906	-92.751442
11800.195312	-90.884178
11843.261719	-90.816956
11886.328125	-91.670021
11929.394531	-91.360901
11972.460938	-89.876030
12015.527344	-88.753700
12058.593750	-89.716164
12101.660156	-91.470779
12144.726562	-90.866180
12187.792969	-88.958237
12230.859375	-88.173744
12273.925781	-88.694260
12316.992188	-91.466202
12360.058594	-90.092751
12403.125000	-88.575119
12446.191406	-89.369659
12489.257812	-89.821419
12532.324219	-89.815536
12575.390625	-89.505501
12618.457031	-88.570290
12661.523438	-86.940666
12704.589844	-88.436317
12747.656250	-91.071671
12790.722656	-89.771614
12833.789062	-89.079567
12876.855469	-90.904282
12919.921875	-93.205788
12962.988281	-93.016594
13006.054688	-92.971977
13049.121094	-91.859489
13092.187500	-90.059570
13135.253906	-91.601128
13178.320312	-92.834030
13221.386719	-92.535324
13264.453125	-90.908058
13307.519531	-90.610901
13350.585938	-91.386261
13393.652344	-92.000786
13436.718750	-91.796661
13479.785156	-89.256027
13522.851562	-90.717918
13565.917969	-92.820755
13608.984375	-91.187347
13652.050781	-92.240402
13695.117188	-92.724953
13738.183594	-91.011650
13781.250000	-90.542313
13824.316406	-91.335213
13867.382812	-92.815170
13910.449219	-93.330368
13953.515625	-91.097733
13996.582031	-90.980797
14039.648438	-92.993179
14082.714844	-94.282677
14125.781250	-92.420166
14168.847656	-91.992279
14211.914062	-92.842407
14254.980469	-93.903366
14298.046875	-94.385788
14341.113281	-94.421097
14384.179688	-93.466919
14427.246094	-93.663887
14470.312500	-93.809792
14513.378906	-94.930237
14556.445312	-95.101173
14599.511719	-95.034004
14642.578125	-94.943146
14685.644531	-95.012230
14728.710938	-96.438339
14771.777344	-95.004837
14814.843750	-95.500076
14857.910156	-96.649857
14900.976562	-98.836411
14944.042969	-97.177498
14987.109375	-96.437843
15030.175781	-97.876160
15073.242188	-97.886406
15116.308594	-97.950829
15159.375000	-100.306847
15202.441406	-99.344261
15245.507812	-97.438309
15288.574219	-98.556862
15331.640625	-100.351814
15374.707031	-99.695938
15417.773438	-98.803146
15460.839844	-99.163246
15503.906250	-99.457664
15546.972656	-101.118462
15590.039062	-100.898277
15633.105469	-100.285744
15676.171875	-100.685478
15719.238281	-100.339249
15762.304688	-100.035965
15805.371094	-101.578003
15848.437500	-100.752541
15891.503906	-98.581802
15934.570312	-98.567238
15977.636719	-100.782524
16020.703125	-100.237579
16063.769531	-99.072449
16106.835938	-99.470772
16149.902344	-99.931458
16192.968750	-100.392899
16236.035156	-100.341942
16279.101562	-100.104233
16322.167969	-99.785721
16365.234375	-100.596771
16408.300781	-100.202705
16451.367188	-101.365204
16494.433594	-101.807678
16537.500000	-101.293343
16580.566406	-101.079285
16623.632812	-101.793648
16666.699219	-102.211838
16709.765625	-101.291107
16752.832031	-101.073318
16795.898438	-102.169525
16838.964844	-102.429077
16882.031250	-101.372131
16925.097656	-102.361649
16968.164062	-102.922287
17011.230469	-102.644180
17054.296875	-102.898605
17097.363281	-103.996681
17140.429688	-104.329895
17183.496094	-104.116249
17226.562500	-104.038834
17269.628906	-104.393105
17312.695312	-104.647400
17355.761719	-104.120674
17398.828125	-104.232994
17441.894531	-104.556824
17484.960938	-103.968109
17528.027344	-103.536072
17571.093750	-104.017189
17614.160156	-104.154373
17657.226562	-103.932213
17700.292969	-103.949715
17743.359375	-104.105385
17786.425781	-104.179520
17829.492188	-103.860497
17872.558594	-104.071976
17915.625000	-103.841423
17958.691406	-104.279861
18001.757812	-104.035599
18044.824219	-104.090553
18087.890625	-104.531349
18130.957031	-104.794624
18174.023438	-104.608971
18217.089844	-104.719032
18260.156250	-104.718040
18303.222656	-104.607361
18346.289062	-104.632942
18389.355469	-105.015961
18432.421875	-105.104095
18475.488281	-104.812134
18518.554688	-104.710037
18561.621094	-104.773308
18604.687500	-105.022827
18647.753906	-104.966545
18690.820312	-104.705269
18733.886719	-105.027176
18776.953125	-105.352936
18820.019531	-105.237526
18863.085938	-105.192070
18906.152344	-105.334610
18949.218750	-105.591408
18992.285156	-105.409309
19035.351562	-105.404739
19078.417969	-105.547478
19121.484375	-105.628845
19164.550781	-105.544624
19207.617188	-105.543739
19250.683594	-105.538734
19293.750000	-105.565941
19336.816406	-105.628555
19379.882812	-105.452209
19422.949219	-105.370857
19466.015625	-105.511688
19509.082031	-105.681915
19552.148438	-105.653664
19595.214844	-105.700073
19638.281250	-105.726166
19681.347656	-105.765778
19724.414062	-104.537514
19767.480469	-103.405647
19810.546875	-105.284096
19853.613281	-105.502815
19896.679688	-105.769287
19939.746094	-105.822510
19982.812500	-105.655548
20025.878906	-105.801392
20068.945312	-105.640343
20112.011719	-105.601257
20155.078125	-105.006638
20198.144531	-103.643288
20241.210938	-105.480469
20284.277344	-106.317680
20327.343750	-106.494514
20370.410156	-106.546532
20413.476562	-106.736290
20456.542969	-106.877708
20499.609375	-106.900055
20542.675781	-107.081024
20585.742188	-107.284897
20628.808594	-107.321411
20671.875000	-107.520088
20714.941406	-107.621292
20758.007812	-107.842400
20801.074219	-108.021591
20844.140625	-108.321213
20887.207031	-108.446930
20930.273438	-108.744392
20973.339844	-109.115906
21016.406250	-109.324036
21059.472656	-109.595657
21102.539062	-109.996391
21145.605469	-110.248039
21188.671875	-110.626312
21231.738281	-110.956223
21274.804688	-111.187149
21317.871094	-111.565910
21360.937500	-111.855545
21404.003906	-112.266510
21447.070312	-112.521843
21490.136719	-113.048531
21533.203125	-113.392334
21576.269531	-113.777275
21619.335938	-114.285385
21662.402344	-114.555138
21705.468750	-114.828705
21748.535156	-115.385216
21791.601562	-115.493385
21834.667969	-115.632301
21877.734375	-115.872833
21920.800781	-116.075027
21963.867188	-116.200287
22006.933594	-116.568466
