Frequency (Hz)	Level (dB)
43.066406	-57.200932
86.132812	-61.451122
129.199219	-61.138805
172.265625	-59.775318
215.332031	-56.999912
258.398438	-55.714981
301.464844	-59.201450
344.531250	-59.615948
387.597656	-56.844471
430.664062	-52.140614
473.730469	-48.936333
516.796875	-50.400326
559.863281	-56.454853
602.929688	-57.834370
645.996094	-54.822361
689.062500	-52.615822
732.128906	-52.651249
775.195312	-53.701347
818.261719	-49.397762
861.328125	-46.375404
904.394531	-48.316597
947.460938	-47.131554
990.527344	-44.543396
1033.593750	-44.488216
1076.660156	-48.033680
1119.726562	-46.114063
1162.792969	-44.891068
1205.859375	-44.346695
1248.925781	-42.808323
1291.992188	-45.977516
1335.058594	-50.870586
1378.125000	-53.380650
1421.191406	-52.923004
1464.257812	-52.958271
1507.324219	-56.041946
1550.390625	-57.948196
1593.457031	-54.105152
1636.523438	-54.178722
1679.589844	-57.397480
1722.656250	-59.220985
1765.722656	-59.277927
1808.789062	-58.051517
1851.855469	-58.288593
1894.921875	-58.117508
1937.988281	-58.014202
1981.054688	-57.574894
2024.121094	-58.247360
2067.187500	-59.347980
2110.253906	-60.242954
2153.320312	-63.830471
2196.386719	-63.038013
2239.453125	-63.261524
2282.519531	-61.512138
2325.585938	-63.288509
2368.652344	-63.879425
2411.718750	-65.873398
2454.785156	-63.768570
2497.851562	-64.671272
2540.917969	-63.994438
2583.984375	-66.369492
2627.050781	-70.740929
2670.117188	-72.224525
2713.183594	-71.893272
2756.250000	-69.798317
2799.316406	-71.428696
2842.382812	-73.388420
2885.449219	-70.965691
2928.515625	-71.135384
2971.582031	-71.333282
3014.648438	-70.570854
3057.714844	-67.944458
3100.781250	-67.462921
3143.847656	-68.921295
3186.914062	-66.002602
3229.980469	-63.081841
3273.046875	-63.624863
3316.113281	-63.193989
3359.179688	-60.594612
3402.246094	-62.559364
3445.312500	-61.609146
3488.378906	-62.254574
3531.445312	-66.150253
3574.511719	-65.547997
3617.578125	-68.140388
3660.644531	-69.090385
3703.710938	-69.666908
3746.777344	-69.676468
3789.843750	-68.937187
3832.910156	-67.342148
3875.976562	-67.805824
3919.042969	-68.142342
3962.109375	-68.015297
4005.175781	-70.668076
4048.242188	-71.839569
4091.308594	-72.412193
4134.375000	-71.376335
4177.441406	-71.862259
4220.507812	-74.301537
4263.574219	-74.764709
4306.640625	-72.599022
4349.707031	-70.492615
4392.773438	-70.219612
4435.839844	-73.368324
4478.906250	-71.864723
4521.972656	-70.655937
4565.039062	-68.777603
4608.105469	-67.815331
4651.171875	-71.814812
4694.238281	-70.997620
4737.304688	-69.106247
4780.371094	-69.379478
4823.437500	-68.429520
4866.503906	-66.781044
4909.570312	-67.197899
4952.636719	-65.317528
4995.703125	-67.645592
5038.769531	-70.990379
5081.835938	-70.243301
5124.902344	-69.031334
5167.968750	-68.519897
5211.035156	-69.066467
5254.101562	-67.378426
5297.167969	-66.088867
5340.234375	-68.100815
5383.300781	-69.016594
5426.367188	-70.247879
5469.433594	-73.086639
5512.500000	-70.527313
5555.566406	-67.257507
5598.632812	-67.505875
5641.699219	-70.727615
5684.765625	-71.146980
5727.832031	-70.022408
5770.898438	-71.483673
5813.964844	-70.821625
5857.031250	-73.478340
5900.097656	-74.229584
5943.164062	-73.900986
5986.230469	-72.247520
6029.296875	-71.303139
6072.363281	-71.477524
6115.429688	-74.006912
6158.496094	-72.682777
6201.562500	-71.229805
6244.628906	-71.866142
6287.695312	-74.861099
6330.761719	-77.200523
6373.828125	-76.903435
6416.894531	-76.363976
6459.960938	-74.354263
6503.027344	-73.404045
6546.093750	-76.148506
6589.160156	-76.673080
6632.226562	-75.266525
6675.292969	-75.711403
6718.359375	-77.292480
6761.425781	-77.555031
6804.492188	-76.061333
6847.558594	-76.425194
6890.625000	-75.186241
6933.691406	-74.077950
6976.757812	-74.402512
7019.824219	-75.902412
7062.890625	-75.661156
7105.957031	-73.911980
7149.023438	-74.373070
7192.089844	-74.521805
7235.156250	-74.144310
7278.222656	-72.886375
7321.289062	-71.654503
7364.355469	-73.373436
7407.421875	-76.029732
7450.488281	-74.448471
7493.554688	-74.874588
7536.621094	-75.490822
7579.687500	-74.711464
7622.753906	-75.543877
7665.820312	-78.576523
7708.886719	-76.358849
7751.953125	-74.489456
7795.019531	-74.832642
7838.085938	-77.332977
7881.152344	-77.162018
7924.218750	-74.187622
7967.285156	-72.008018
8010.351562	-72.945595
8053.417969	-77.447563
8096.484375	-79.486343
8139.550781	-75.674065
8182.617188	-74.541489
8225.683594	-76.894020
8268.750000	-79.385559
8311.816406	-79.103699
8354.882812	-78.483444
8397.949219	-79.251640
8441.015625	-77.548653
8484.082031	-78.216583
8527.148438	-83.115028
8570.214844	-82.872490
8613.281250	-80.024376
8656.347656	-79.384315
8699.414062	-80.916801
8742.480469	-84.678314
8785.546875	-81.403862
8828.613281	-81.988937
8871.679688	-85.958801
8914.746094	-87.288528
8957.812500	-85.549911
9000.878906	-84.054382
9043.945312	-85.743988
9087.011719	-84.281685
9130.078125	-83.600121
9173.144531	-82.103180
9216.210938	-80.404839
9259.277344	-83.385971
9302.343750	-85.734634
9345.410156	-86.309837
9388.476562	-86.964699
9431.542969	-83.105240
9474.609375	-80.393288
9517.675781	-81.510857
9560.742188	-83.424530
9603.808594	-81.054100
9646.875000	-81.552055
9689.941406	-80.662407
9733.007812	-79.535202
9776.074219	-81.299080
9819.140625	-83.879097
9862.207031	-81.214554
9905.273438	-80.974869
9948.339844	-81.622231
9991.406250	-84.588066
10034.472656	-84.562363
10077.539062	-82.925392
10120.605469	-82.948792
10163.671875	-82.557365
10206.738281	-83.849724
10249.804688	-87.379059
10292.871094	-84.496208
10335.937500	-83.239288
10379.003906	-84.719009
10422.070312	-85.837044
10465.136719	-88.362816
10508.203125	-89.307739
10551.269531	-86.336472
10594.335938	-87.547371
10637.402344	-89.733688
10680.468750	-89.965767
10723.535156	-88.740784
10766.601562	-90.999557
10809.667969	-91.165764
10852.734375	-92.649910
10895.800781	-95.217918
10938.867188	-92.811340
10981.933594	-90.193756
11025.000000	-90.592178
11068.066406	-92.892754
11111.132812	-91.224991
11154.199219	-90.595230
11197.265625	-90.550011
11240.332031	-89.215759
11283.398438	-88.374252
11326.464844	-88.137802
11369.531250	-87.680588
11412.597656	-87.193726
11455.664062	-87.882919
11498.730469	-88.643616
11541.796875	-88.205666
11584.863281	-87.137634
11627.929688	-86.360123
11670.996094	-87.720894
11714.062500	-91.309387
11757.128906	-91.470581
11800.195312	-89.195206
11843.261719	-89.384964
11886.328125	-89.960289
11929.394531	-88.593697
11972.460938	-89.529266
12015.527344	-87.180954
12058.593750	-86.500587
12101.660156	-86.974510
12144.726562	-89.785843
12187.792969	-91.772919
12230.859375	-90.410545
12273.925781	-88.041824
12316.992188	-87.823914
12360.058594	-91.381424
12403.125000	-92.607162
12446.191406	-88.795563
12489.257812	-89.522949
12532.324219	-93.677666
12575.390625	-94.676689
12618.457031	-91.732094
12661.523438	-91.105728
12704.589844	-91.753319
12747.656250	-92.992844
12790.722656	-94.252960
12833.789062	-92.529907
12876.855469	-90.142883
12919.921875	-91.881401
12962.988281	-93.937576
13006.054688	-94.269165
13049.121094	-92.328331
13092.187500	-89.858604
13135.253906	-90.851189
13178.320312	-93.563980
13221.386719	-92.282234
13264.453125	-89.184486
13307.519531	-88.495102
13350.585938	-89.625084
13393.652344	-89.759445
13436.718750	-89.471924
13479.785156	-90.291481
13522.851562	-87.948616
13565.917969	-89.193916
13608.984375	-90.554672
13652.050781	-89.585938
13695.117188	-89.818909
13738.183594	-90.454208
13781.250000	-89.486526
13824.316406	-88.397003
13867.382812	-89.123787
13910.449219	-91.027374
13953.515625	-90.200760
13996.582031	-90.908234
14039.648438	-92.550797
14082.714844	-91.398582
14125.781250	-92.812553
14168.847656	-93.590103
14211.914062	-95.506966
14254.980469	-95.338615
14298.046875	-97.286179
14341.113281	-96.084816
14384.179688	-94.980339
14427.246094	-96.391388
14470.312500	-95.574844
14513.378906	-96.922050
14556.445312	-98.589462
14599.511719	-98.451996
14642.578125	-97.547073
14685.644531	-98.649338
14728.710938	-99.612770
14771.777344	-97.401047
14814.843750	-98.132507
14857.910156	-97.194481
14900.976562	-96.562775
14944.042969	-99.262512
14987.109375	-100.751884
15030.175781	-98.526695
15073.242188	-97.709572
15116.308594	-99.079178
15159.375000	-101.742470
15202.441406	-99.322823
15245.507812	-97.796104
15288.574219	-98.163757
15331.640625	-99.264702
15374.707031	-99.270210
15417.773438	-98.643730
15460.839844	-97.984840
15503.906250	-98.390427
15546.972656	-98.324409
15590.039062	-98.992577
15633.105469	-99.385979
15676.171875	-97.753227
15719.238281	-97.332001
15762.304688	-99.471680
15805.371094	-99.544823
15848.437500	-98.133026
15891.503906	-98.737831
15934.570312	-99.638641
15977.636719	-99.622681
16020.703125	-100.807533
16063.769531	-101.123184
16106.835938	-100.877983
16149.902344	-101.057091
16192.968750	-100.495743
16236.035156	-100.935226
16279.101562	-101.182610
16322.167969	-101.764679
16365.234375	-100.726402
16408.300781	-101.916359
16451.367188	-102.919167
16494.433594	-102.170570
16537.500000	-101.550385
16580.566406	-103.049614
16623.632812	-103.684601
16666.699219	-103.226311
16709.765625	-103.399040
16752.832031	-104.245003
16795.898438	-103.923363
16838.964844	-103.584053
16882.031250	-104.147621
16925.097656	-104.073502
16968.164062	-103.816742
17011.230469	-103.352112
17054.296875	-103.951660
17097.363281	-104.119934
17140.429688	-103.571915
17183.496094	-102.631973
17226.562500	-102.784706
17269.628906	-103.709457
17312.695312	-103.024384
17355.761719	-103.375755
17398.828125	-103.506996
17441.894531	-102.957153
17484.960938	-102.731316
17528.027344	-103.550705
17571.093750	-104.038620
17614.160156	-103.770508
17657.226562	-103.622063
17700.292969	-103.548630
17743.359375	-103.471169
17786.425781	-104.111580
17829.492188	-104.087738
17872.558594	-104.078812
17915.625000	-104.478386
17958.691406	-104.654686
18001.757812	-104.489487
18044.824219	-104.570671
18087.890625	-104.838715
18130.957031	-104.495094
18174.023438	-104.619019
18217.089844	-104.946045
18260.156250	-104.843468
18303.222656	-104.607567
18346.289062	-104.904152
18389.355469	-104.949471
18432.421875	-105.105553
18475.488281	-105.196121
18518.554688	-105.315033
18561.621094	-105.275826
18604.687500	-105.424583
18647.753906	-105.485573
18690.820312	-105.351906
18733.886719	-105.634003
18776.953125	-105.687500
18820.019531	-105.641884
18863.085938	-105.685394
18906.152344	-105.691689
18949.218750	-105.574699
18992.285156	-105.610550
19035.351562	-105.616486
19078.417969	-105.640938
19121.484375	-105.645767
19164.550781	-105.826767
19207.617188	-105.864899
19250.683594	-105.808609
19293.750000	-105.810318
19336.816406	-105.681320
19379.882812	-105.677650
19422.949219	-105.731094
19466.015625	-105.652908
19509.082031	-105.763802
19552.148438	-105.776489
19595.214844	-105.829483
19638.281250	-105.775002
19681.347656	-105.879066
19724.414062	-104.965111
19767.480469	-103.581917
19810.546875	-105.420769
19853.613281	-105.533821
19896.679688	-105.785843
19939.746094	-105.976868
19982.812500	-105.771698
20025.878906	-105.919144
20068.945312	-105.810753
20112.011719	-105.945000
20155.078125	-105.067627
20198.144531	-103.441475
20241.210938	-105.718033
20284.277344	-106.582176
20327.343750	-106.728676
20370.410156	-106.720329
20413.476562	-106.909164
20456.542969	-106.934731
20499.609375	-107.126389
20542.675781	-107.178787
20585.742188	-107.305206
20628.808594	-107.517708
20671.875000	-107.809799
20714.941406	-108.031189
20758.007812	-108.004814
20801.074219	-108.342964
20844.140625	-108.486427
20887.207031	-108.692719
20930.273438	-108.969994
20973.339844	-109.089043
21016.406250	-109.264740
21059.472656	-109.734909
21102.539062	-110.190979
21145.605469	-110.449051
21188.671875	-110.692459
21231.738281	-110.866798
21274.804688	-111.067787
21317.871094	-111.536377
21360.937500	-111.808777
21404.003906	-112.298874
21447.070312	-112.600121
21490.136719	-112.934143
21533.203125	-113.331215
21576.269531	-113.676811
21619.335938	-114.165901
21662.402344	-114.345566
21705.468750	-114.619545
21748.535156	-114.993416
21791.601562	-115.477409
21834.667969	-115.577179
21877.734375	-115.610298
21920.800781	-115.687035
21963.867188	-115.852753
22006.933594	-115.960724
