Frequency (Hz)	Level (dB)
43.066406	-58.420322
86.132812	-65.393898
129.199219	-60.840870
172.265625	-59.372971
215.332031	-56.805538
258.398438	-56.299820
301.464844	-60.426594
344.531250	-61.032562
387.597656	-58.793324
430.664062	-54.083832
473.730469	-50.592052
516.796875	-51.571724
559.863281	-55.566833
602.929688	-57.282852
645.996094	-52.011337
689.062500	-49.836266
732.128906	-51.781925
775.195312	-52.122032
818.261719	-47.142384
861.328125	-45.071449
904.394531	-48.460659
947.460938	-47.276283
990.527344	-46.400887
1033.593750	-48.889362
1076.660156	-49.646072
1119.726562	-45.723251
1162.792969	-44.487747
1205.859375	-45.439804
1248.925781	-43.926834
1291.992188	-46.270069
1335.058594	-49.579952
1378.125000	-51.802311
1421.191406	-52.548569
1464.257812	-51.269737
1507.324219	-54.713459
1550.390625	-57.665985
1593.457031	-55.276871
1636.523438	-54.378956
1679.589844	-56.753639
1722.656250	-58.389214
1765.722656	-59.078491
1808.789062	-55.887264
1851.855469	-56.094746
1894.921875	-56.186836
1937.988281	-57.400787
1981.054688	-58.195599
2024.121094	-57.006618
2067.187500	-60.035110
2110.253906	-62.597099
2153.320312	-65.770844
2196.386719	-64.856865
2239.453125	-63.883308
2282.519531	-62.685070
2325.585938	-64.216156
2368.652344	-65.597214
2411.718750	-66.756233
2454.785156	-65.856010
2497.851562	-66.236664
2540.917969	-65.584740
2583.984375	-68.234116
2627.050781	-66.982368
2670.117188	-68.518188
2713.183594	-70.242500
2756.250000	-69.265984
2799.316406	-69.169434
2842.382812	-65.937294
2885.449219	-65.539474
2928.515625	-68.123161
2971.582031	-66.312294
3014.648438	-64.965691
3057.714844	-62.918591
3100.781250	-61.098972
3143.847656	-63.865757
3186.914062	-62.721523
3229.980469	-61.791470
3273.046875	-63.490540
3316.113281	-65.596153
3359.179688	-63.932583
3402.246094	-64.363411
3445.312500	-62.726593
3488.378906	-61.984570
3531.445312	-64.589485
3574.511719	-67.627029
3617.578125	-69.013718
3660.644531	-68.966507
3703.710938	-70.601746
3746.777344	-72.156670
3789.843750	-70.299522
3832.910156	-72.278351
3875.976562	-73.193329
3919.042969	-71.601562
3962.109375	-69.647484
4005.175781	-66.931534
4048.242188	-67.008751
4091.308594	-67.646919
4134.375000	-67.247009
4177.441406	-67.694901
4220.507812	-63.904182
4263.574219	-65.172493
4306.640625	-68.814476
4349.707031	-69.777267
4392.773438	-68.275826
4435.839844	-65.091133
4478.906250	-64.268661
4521.972656	-66.580284
4565.039062	-66.987846
4608.105469	-66.376945
4651.171875	-63.862297
4694.238281	-62.649727
4737.304688	-64.350555
4780.371094	-65.195152
4823.437500	-63.850227
4866.503906	-65.056007
4909.570312	-66.798187
4952.636719	-67.024658
4995.703125	-67.409492
5038.769531	-66.603325
5081.835938	-68.032951
5124.902344	-66.164711
5167.968750	-65.008064
5211.035156	-66.472260
5254.101562	-66.214348
5297.167969	-67.672546
5340.234375	-69.563324
5383.300781	-67.160362
5426.367188	-69.874359
5469.433594	-71.964424
5512.500000	-72.297302
5555.566406	-70.520660
5598.632812	-69.085419
5641.699219	-70.494934
5684.765625	-72.156853
5727.832031	-70.885933
5770.898438	-70.012474
5813.964844	-71.134819
5857.031250	-73.910454
5900.097656	-72.481979
5943.164062	-70.799919
5986.230469	-72.300148
6029.296875	-71.255959
6072.363281	-73.518166
6115.429688	-72.506104
6158.496094	-70.857918
6201.562500	-71.569672
6244.628906	-72.393738
6287.695312	-75.063072
6330.761719	-73.913467
6373.828125	-73.695480
6416.894531	-72.680000
6459.960938	-70.630363
6503.027344	-73.468117
6546.093750	-76.082436
6589.160156	-72.401466
6632.226562	-72.260368
6675.292969	-74.523773
6718.359375	-75.817421
6761.425781	-77.706497
6804.492188	-77.444031
6847.558594	-75.266388
6890.625000	-76.972488
6933.691406	-78.195618
6976.757812	-75.631050
7019.824219	-74.302521
7062.890625	-75.386505
7105.957031	-76.224091
7149.023438	-75.421509
7192.089844	-75.318115
7235.156250	-73.296379
7278.222656	-73.747604
7321.289062	-72.708878
7364.355469	-73.447731
7407.421875	-73.316002
7450.488281	-72.604591
7493.554688	-71.670250
7536.621094	-72.205208
7579.687500	-71.982414
7622.753906	-72.495392
7665.820312	-74.114708
7708.886719	-72.537872
7751.953125	-72.281036
7795.019531	-71.808304
7838.085938	-72.032570
7881.152344	-73.897240
7924.218750	-72.614281
7967.285156	-72.646461
8010.351562	-73.626183
8053.417969	-74.317795
8096.484375	-76.029404
8139.550781	-75.549530
8182.617188	-73.952499
8225.683594	-76.131020
8268.750000	-76.523705
8311.816406	-76.034698
8354.882812	-76.489182
8397.949219	-76.508766
8441.015625	-77.107300
8484.082031	-77.711281
8527.148438	-79.483894
8570.214844	-77.145454
8613.281250	-77.587234
8656.347656	-79.927162
8699.414062	-80.353233
8742.480469	-81.852425
8785.546875	-80.343033
8828.613281	-79.161713
8871.679688	-81.896187
8914.746094	-83.254700
8957.812500	-78.923317
9000.878906	-77.957619
9043.945312	-81.309929
9087.011719	-83.324471
9130.078125	-83.535065
9173.144531	-82.602226
9216.210938	-81.012863
9259.277344	-79.542183
9302.343750	-79.203682
9345.410156	-83.095886
9388.476562	-82.701363
9431.542969	-79.514679
9474.609375	-78.939545
9517.675781	-80.161987
9560.742188	-82.549767
9603.808594	-80.982872
9646.875000	-79.223114
9689.941406	-81.296280
9733.007812	-81.682755
9776.074219	-82.866295
9819.140625	-82.713036
9862.207031	-80.903305
9905.273438	-82.256363
9948.339844	-83.274994
9991.406250	-84.807846
10034.472656	-85.239571
10077.539062	-85.334015
10120.605469	-85.932396
10163.671875	-86.863716
10206.738281	-86.852165
10249.804688	-88.601357
10292.871094	-87.306595
10335.937500	-86.506798
10379.003906	-88.141243
10422.070312	-90.195541
10465.136719	-89.046646
10508.203125	-87.258064
10551.269531	-88.389671
10594.335938	-90.727226
10637.402344	-88.479881
10680.468750	-85.768265
10723.535156	-83.854591
10766.601562	-85.761429
10809.667969	-89.275780
10852.734375	-87.893524
10895.800781	-86.801445
10938.867188	-84.714561
10981.933594	-85.588951
11025.000000	-88.664604
11068.066406	-86.966476
11111.132812	-86.187340
11154.199219	-86.650932
11197.265625	-86.222916
11240.332031	-87.831558
11283.398438	-89.410263
11326.464844	-88.592270
11369.531250	-85.900536
11412.597656	-86.413292
11455.664062	-90.463501
11498.730469	-90.373459
11541.796875	-87.594398
11584.863281	-88.026619
11627.929688	-90.821388
11670.996094	-93.712296
11714.062500	-92.194038
11757.128906	-89.371849
11800.195312	-89.743141
11843.261719	-91.815598
11886.328125	-93.935730
11929.394531	-90.219215
11972.460938	-87.655815
12015.527344	-87.527718
12058.593750	-88.449905
12101.660156	-91.045563
12144.726562	-88.450844
12187.792969	-85.899521
12230.859375	-85.046532
12273.925781	-87.756500
12316.992188	-90.017799
12360.058594	-87.464485
12403.125000	-86.163269
12446.191406	-86.878746
12489.257812	-89.000244
12532.324219	-88.172241
12575.390625	-89.282959
12618.457031	-89.102432
12661.523438	-88.383514
12704.589844	-88.044151
12747.656250	-90.138199
12790.722656	-88.559631
12833.789062	-86.571663
12876.855469	-87.562004
12919.921875	-89.886963
12962.988281	-90.623543
13006.054688	-87.343132
13049.121094	-86.766312
13092.187500	-88.977135
13135.253906	-89.058334
13178.320312	-89.626137
13221.386719	-90.843491
13264.453125	-89.916069
13307.519531	-90.047096
13350.585938	-89.757225
13393.652344	-91.220222
13436.718750	-91.910835
13479.785156	-90.048546
13522.851562	-89.604630
13565.917969	-89.989822
13608.984375	-90.657509
13652.050781	-88.690208
13695.117188	-88.288078
13738.183594	-89.884827
13781.250000	-89.784088
13824.316406	-90.558121
13867.382812	-90.516289
13910.449219	-89.851860
13953.515625	-90.506798
13996.582031	-90.318848
14039.648438	-91.890358
14082.714844	-93.878151
14125.781250	-93.049324
14168.847656	-91.668083
14211.914062	-92.083939
14254.980469	-93.440056
14298.046875	-92.275948
14341.113281	-92.506569
14384.179688	-93.033966
14427.246094	-94.187508
14470.312500	-96.567009
14513.378906	-95.391121
14556.445312	-94.513763
14599.511719	-95.452492
14642.578125	-95.935814
14685.644531	-96.116531
14728.710938	-97.630585
14771.777344	-96.763321
14814.843750	-94.851234
14857.910156	-94.438766
14900.976562	-96.823097
14944.042969	-98.393738
14987.109375	-95.460251
15030.175781	-95.640854
15073.242188	-98.892403
15116.308594	-99.474236
15159.375000	-99.081451
15202.441406	-100.093231
15245.507812	-100.302101
15288.574219	-99.897041
15331.640625	-100.169868
15374.707031	-100.349274
15417.773438	-98.130852
15460.839844	-98.051361
15503.906250	-98.174988
15546.972656	-99.939720
15590.039062	-99.757904
15633.105469	-97.973541
15676.171875	-98.092125
15719.238281	-100.496208
15762.304688	-99.536209
15805.371094	-98.921013
15848.437500	-100.187744
15891.503906	-99.784157
15934.570312	-99.799294
15977.636719	-100.205467
16020.703125	-100.633568
16063.769531	-100.057449
16106.835938	-100.207664
16149.902344	-99.503426
16192.968750	-100.247482
16236.035156	-101.444389
16279.101562	-100.080811
16322.167969	-100.112770
16365.234375	-102.137253
16408.300781	-101.092300
16451.367188	-100.308601
16494.433594	-100.917175
16537.500000	-102.565849
16580.566406	-102.907288
16623.632812	-102.500565
16666.699219	-102.697441
16709.765625	-102.753647
16752.832031	-101.984390
16795.898438	-101.936913
16838.964844	-102.628769
16882.031250	-102.543831
16925.097656	-101.862030
16968.164062	-102.033882
17011.230469	-102.863831
17054.296875	-102.745796
17097.363281	-101.764748
17140.429688	-102.042374
17183.496094	-102.926582
17226.562500	-102.598267
17269.628906	-102.037109
17312.695312	-102.853165
17355.761719	-103.077026
17398.828125	-102.551659
17441.894531	-102.552513
17484.960938	-103.667931
17528.027344	-103.830284
17571.093750	-103.292534
17614.160156	-103.009323
17657.226562	-103.376602
17700.292969	-103.520050
17743.359375	-102.915192
17786.425781	-103.249634
17829.492188	-103.896500
17872.558594	-103.792091
17915.625000	-103.375542
17958.691406	-103.868874
18001.757812	-103.511322
18044.824219	-103.052971
18087.890625	-103.387444
18130.957031	-104.109520
18174.023438	-103.916191
18217.089844	-103.251183
18260.156250	-103.537170
18303.222656	-103.960533
18346.289062	-104.105972
18389.355469	-103.878410
18432.421875	-104.094559
18475.488281	-104.374146
18518.554688	-104.359947
18561.621094	-104.318024
18604.687500	-104.087341
18647.753906	-104.289513
18690.820312	-104.476181
18733.886719	-104.547195
18776.953125	-104.751686
18820.019531	-104.715775
18863.085938	-104.673447
18906.152344	-104.763054
18949.218750	-104.936401
18992.285156	-104.979111
19035.351562	-105.043663
19078.417969	-105.116020
19121.484375	-105.205299
19164.550781	-105.264015
19207.617188	-105.212906
19250.683594	-105.206619
19293.750000	-105.257141
19336.816406	-105.240654
19379.882812	-105.389297
19422.949219	-105.312653
19466.015625	-104.855270
19509.082031	-105.292816
19552.148438	-105.613632
19595.214844	-105.471436
19638.281250	-105.356697
19681.347656	-105.063622
19724.414062	-102.206062
19767.480469	-103.056946
19810.546875	-105.398361
19853.613281	-105.554352
19896.679688	-105.522163
19939.746094	-105.646889
19982.812500	-105.748886
20025.878906	-105.796585
20068.945312	-105.901268
20112.011719	-105.533737
20155.078125	-104.912964
20198.144531	-105.561676
20241.210938	-105.290482
20284.277344	-103.704712
20327.343750	-104.588722
20370.410156	-106.311981
20413.476562	-106.444481
20456.542969	-106.663925
20499.609375	-106.839752
20542.675781	-106.980080
20585.742188	-107.106850
20628.808594	-107.217514
20671.875000	-107.325531
20714.941406	-107.650040
20758.007812	-107.896675
20801.074219	-108.026947
20844.140625	-108.228676
20887.207031	-108.375114
20930.273438	-108.654350
20973.339844	-108.769089
21016.406250	-109.041634
21059.472656	-109.492950
21102.539062	-109.836029
21145.605469	-110.087357
21188.671875	-110.314842
21231.738281	-110.571167
21274.804688	-110.970100
21317.871094	-111.259262
21360.937500	-111.599083
21404.003906	-111.905464
21447.070312	-112.103882
21490.136719	-112.557549
21533.203125	-113.080818
21576.269531	-113.511673
21619.335938	-113.867645
21662.402344	-114.255005
21705.468750	-114.521858
21748.535156	-114.791298
21791.601562	-115.146919
21834.667969	-115.512436
21877.734375	-115.593399
21920.800781	-115.714157
21963.867188	-115.725479
22006.933594	-115.915901
